1
2 4
1 0 6 2
3 10 0 8.88906 50
2 10 0 258.877 50
2 10 0 508.887 50
2 10 0 758.897 50
2 10 0 1008.9 50
3 10 0 1258.9 50
2 0 6 2
3 10 0 1421.1 225
2 10 0 1171.1 225
3 10 0 921.099 225
3 10 0 671.099 225
2 10 0 421.099 225
2 10 0 171.104 225
1 1 6 2
1 10 0 38.8879 400
1 10 0 288.877 400
0 10 0 538.888 400
0 10 0 788.899 400
1 10 0 1038.9 400
0 10 0 1288.9 400
1 0 6 2
3 10 0 141.884 575
2 10 0 391.882 575
3 10 0 641.892 575
2 10 0 891.901 575
3 10 0 1141.9 575
2 10 0 1391.9 575
3243
4
2
241
4
1
3242
4
2
243
4
3
914.278 40.6635
