1
2 4
1 0 7 3
2 13 0 -1118.1 50
3 13 0 -868.077 50
3 13 0 -618.077 50
2 13 0 -368.077 50
2 13 0 -118.077 50
3 13 0 131.92 50
2 13 0 381.923 50
2 1 6 2
1 10 0 1903.44 225
0 10 0 1653.44 225
1 10 0 1403.44 225
1 10 0 1153.44 225
1 10 0 903.436 225
1 10 0 653.436 225
1 0 6 2
3 10 0 -395.436 400
3 10 0 -145.442 400
3 10 0 104.56 400
2 10 0 354.563 400
3 10 0 604.564 400
2 10 0 854.564 400
1 0 6 2
3 10 0 -370.436 575
3 10 0 -120.442 575
2 10 0 129.56 575
3 10 0 379.564 575
3 10 0 629.564 575
2 10 0 879.564 575
974
2
3
-4026
4
3
-2026
4
3
-7025
4
3
776.814 515.764
