3 5
1 0 7 3
3 13 0 -751.389 50
3 13 0 -501.349 50
2 13 0 -251.349 50
3 13 0 -1.35201 50
3 13 0 248.645 50
3 13 0 498.648 50
2 13 0 748.651 50
2 0 7 3
2 13 0 2258.26 200
3 13 0 2008.27 200
3 13 0 1758.37 200
3 13 0 1508.44 200
2 13 0 1258.44 200
2 13 0 1008.44 200
2 13 0 758.39 200
1 0 7 3
3 13 0 -832.404 350
3 13 0 -582.356 350
2 13 0 -332.349 350
2 13 0 -82.3501 350
2 13 0 167.645 350
2 13 0 417.646 350
3 13 0 667.651 350
2 1 7 3
0 13 0 2706.26 500
0 13 0 2406.26 500
0 13 0 2106.26 500
1 13 0 1806.35 500
0 13 0 1506.44 500
0 13 0 1206.44 500
0 13 0 906.418 500
2 1 7 3
0 13 0 2687.26 650
0 13 0 2387.26 650
1 13 0 2087.26 650
0 13 0 1787.36 650
1 13 0 1487.44 650
0 13 0 1187.44 650
0 13 0 887.415 650
43879 44376
42882 44376
43884 44376
45879 44376
43879 44376
797.678 359.396
