1
3 5
2 0 7 3
2 13 0 2745.75 50
3 13 0 2495.75 50
2 13 0 2245.75 50
3 13 0 1995.77 50
2 13 0 1745.77 50
3 13 0 1495.77 50
2 13 0 1245.77 50
2 0 7 3
3 13 0 2606.75 200
2 13 0 2356.75 200
2 13 0 2106.75 200
2 13 0 1856.77 200
2 13 0 1606.77 200
2 13 0 1356.77 200
2 13 0 1106.77 200
2 0 7 3
3 13 0 2759.75 350
2 13 0 2509.75 350
3 13 0 2259.75 350
2 13 0 2009.76 350
3 13 0 1759.77 350
2 13 0 1509.77 350
2 13 0 1259.77 350
1 0 7 3
2 13 0 -1213.77 500
2 13 0 -963.759 500
3 13 0 -713.759 500
3 13 0 -463.759 500
2 13 0 -213.759 500
3 13 0 36.24 500
3 13 0 286.241 500
1 1 7 3
0 13 0 -1156.77 650
1 13 0 -906.759 650
1 13 0 -656.759 650
0 13 0 -406.759 650
1 13 0 -156.759 650
0 13 0 93.24 650
1 13 0 343.241 650
-6619
2
3
-3619
2
3
-7619
2
3
-4618
2
3
-4618
2
3
750 700
20969
