0
2 4
2 0 6 2
2 10 1 472.363 50
3 10 1 222.365 50
3 10 1 -27.6236 50
3 10 1 1772.52 50
3 10 1 1522.39 50
2 10 1 1272.51 50
1 1 7 3
1 13 1 532.538 225
1 13 1 782.585 225
1 13 1 1032.6 225
0 13 1 1282.55 225
1 13 1 -317.679 225
1 13 1 -67.755 225
1 13 1 182.486 225
2 1 7 3
0 13 1 943.451 400
1 13 1 693.493 400
0 13 1 443.542 400
1 13 1 193.59 400
1 13 1 -56.4483 400
1 13 1 1743.78 400
1 13 1 1493.58 400
1 0 6 2
2 10 1 1003.61 575
3 10 1 1253.61 575
2 10 1 -346.62 575
2 10 1 -96.4989 575
3 10 1 153.361 575
2 10 1 403.484 575
112
3
2
112
3
2
1112
3
2
3112
4
3
647.127 321.399
27684
0
