1
4 5
1 0 7 3
2 65 0 -784.685 50
2 65 0 -534.685 50
3 65 0 -284.685 50
3 65 0 -34.6828 50
2 65 0 215.32 50
3 65 0 465.318 50
2 65 0 715.315 50
2 0 7 3
2 65 0 2206.64 200
3 65 0 1956.65 200
2 65 0 1706.67 200
3 65 0 1456.69 200
3 65 0 1206.69 200
3 65 0 956.685 200
3 65 0 706.685 200
1 0 7 3
2 65 0 -713.685 350
3 65 0 -463.685 350
3 65 0 -213.685 350
2 65 0 36.318 350
3 65 0 286.32 350
2 65 0 536.317 350
3 65 0 786.315 350
2 1 7 3
0 65 0 2189.64 500
1 65 0 1939.65 500
0 65 0 1689.67 500
0 65 0 1439.69 500
1 65 0 1189.69 500
0 65 0 939.685 500
1 65 0 689.685 500
2 0 7 3
2 65 0 2218.64 650
3 65 0 1968.65 650
3 65 0 1718.67 650
2 65 0 1468.69 650
3 65 0 1218.69 650
3 65 0 968.685 650
2 65 0 718.685 650
1190
2
3
-2809
2
3
-4809
2
3
189
2
2
-1809
2
3
513.914 443.962
29906
