0
2 4
1 1 6 2
0 10 1 537.436 50
0 10 1 787.436 50
1 10 1 1037.45 50
1 10 1 1287.46 50
1 10 1 -312.559 50
1 10 1 -62.6987 50
2 0 6 2
3 10 1 595.83 225
2 10 1 345.83 225
3 10 1 95.8381 225
3 10 1 -154.152 225
2 10 1 1645.89 225
3 10 1 1396.02 225
1 1 6 2
0 10 1 932.146 400
1 10 1 1182.15 400
1 10 1 1432.16 400
0 10 1 -167.998 400
0 10 1 82.1211 400
1 10 1 331.982 400
2 1 7 3
1 13 1 1160.15 575
1 13 1 910.22 575
0 13 1 660.267 575
1 13 1 410.315 575
0 13 1 160.272 575
0 13 1 -89.77 575
0 13 1 1710.5 575
3151
4
1
1149
4
3
3151
4
3
2151
3
2
556.003 147.909
22664
0
