1
2 4
2 0 6 2
2 10 0 1768.43 50
2 10 0 1518.43 50
3 10 0 1268.43 50
2 10 0 1018.43 50
2 10 0 768.428 50
2 10 0 518.428 50
2 1 6 2
0 10 0 1777.43 225
1 10 0 1527.43 225
1 10 0 1277.43 225
1 10 0 1027.43 225
1 10 0 777.428 225
0 10 0 527.428 225
2 1 6 2
0 10 0 1640.43 400
1 10 0 1390.43 400
1 10 0 1140.43 400
1 10 0 890.428 400
1 10 0 640.428 400
1 10 0 390.428 400
2 1 6 2
0 10 0 1651.43 575
0 10 0 1401.43 575
0 10 0 1151.43 575
1 10 0 901.428 575
1 10 0 651.428 575
0 10 0 401.428 575
-403
4
3
-5403
4
3
-1403
4
3
-403
4
3
595.638 498.016
14001
