1
2 4
1 1 6 2
0 10 0 -271.511 50
0 10 0 -21.5218 50
0 10 0 228.478 50
0 10 0 478.488 50
1 10 0 728.489 50
1 10 0 978.489 50
2 0 7 3
3 13 0 2489.58 225
2 13 0 2239.58 225
2 13 0 1989.6 225
3 13 0 1739.69 225
2 13 0 1489.69 225
2 13 0 1239.69 225
3 13 0 989.687 225
1 0 6 2
3 10 0 -282.511 400
2 10 0 -32.5211 400
3 10 0 217.478 400
3 10 0 467.487 400
3 10 0 717.489 400
2 10 0 967.489 400
2 0 6 2
2 10 0 1831.52 575
2 10 0 1581.52 575
2 10 0 1331.52 575
2 10 0 1081.52 575
3 10 0 831.511 575
3 10 0 581.511 575
2249
4
2
2249
3
1
2249
4
2
2249
4
2
646.152 296.771
21711
