1
3 5
2 1 7 3
0 13 0 2614.56 50
1 13 0 2364.56 50
1 13 0 2114.56 50
1 13 0 1864.63 50
1 13 0 1614.63 50
1 13 0 1364.63 50
1 13 0 1114.63 50
1 0 7 3
2 13 0 -1088.63 200
3 13 0 -838.596 200
2 13 0 -588.596 200
3 13 0 -338.596 200
3 13 0 -88.5968 200
3 13 0 161.401 200
2 13 0 411.404 200
2 0 7 3
2 13 0 2590.56 350
3 13 0 2340.56 350
3 13 0 2090.56 350
2 13 0 1840.63 350
3 13 0 1590.63 350
2 13 0 1340.63 350
2 13 0 1090.63 350
2 1 7 3
0 13 0 2570.56 500
1 13 0 2320.56 500
1 13 0 2070.56 500
0 13 0 1820.63 500
0 13 0 1570.63 500
0 13 0 1320.63 500
1 13 0 1070.63 500
2 1 7 3
0 13 0 2663.56 650
1 13 0 2413.56 650
1 13 0 2163.56 650
1 13 0 1913.61 650
0 13 0 1663.63 650
1 13 0 1413.63 650
0 13 0 1163.63 650
-6677
2
3
-2677
2
3
-6677
2
3
-1677
2
3
-1676
2
3
646.14 422.327
20716
