1
2 4
1 1 6 2
0 10 0 -385.655 50
0 10 0 -135.662 50
0 10 0 114.34 50
0 10 0 364.344 50
1 10 0 614.345 50
1 10 0 864.345 50
2 0 7 3
3 13 0 2630.09 225
2 13 0 2380.09 225
2 13 0 2130.09 225
3 13 0 1880.15 225
2 13 0 1630.15 225
2 13 0 1380.15 225
3 13 0 1130.15 225
1 0 6 2
3 10 0 -396.655 400
2 10 0 -146.661 400
3 10 0 103.34 400
3 10 0 353.343 400
3 10 0 603.345 400
2 10 0 853.345 400
2 0 6 2
2 10 0 1945.66 575
2 10 0 1695.66 575
2 10 0 1445.66 575
2 10 0 1195.66 575
3 10 0 945.655 575
3 10 0 695.655 575
-897
4
3
-896
2
3
-6896
4
3
-896
4
3
538.918 501.893
11965
