1
2 4
2 1 6 2
1 10 0 1987.98 50
1 10 0 1737.98 50
0 10 0 1487.98 50
0 10 0 1237.98 50
1 10 0 987.979 50
0 10 0 737.979 50
1 1 7 3
0 13 0 -1158.37 225
1 13 0 -908.359 225
1 13 0 -658.359 225
0 13 0 -408.359 225
0 13 0 -158.359 225
0 13 0 91.64 225
1 13 0 341.641 225
2 0 6 2
3 10 0 1974.98 400
2 10 0 1724.98 400
2 10 0 1474.98 400
2 10 0 1224.98 400
3 10 0 974.979 400
3 10 0 724.979 400
2 1 7 3
0 13 0 2635.35 575
0 13 0 2385.35 575
0 13 0 2135.35 575
0 13 0 1885.37 575
0 13 0 1635.37 575
1 13 0 1385.37 575
1 13 0 1135.37 575
-1723
4
3
-8723
2
3
-3723
4
3
-8723
2
3
750 700
15136
