1
3 5
2 1 7 3
0 13 0 2345.94 50
1 13 0 2095.94 50
0 13 0 1846.02 50
0 13 0 1596.12 50
1 13 0 1346.12 50
1 13 0 1096.12 50
0 13 0 846.081 50
1 0 7 3
2 13 0 -852.083 200
3 13 0 -602.035 200
2 13 0 -352.03 200
3 13 0 -102.03 200
3 13 0 147.964 200
3 13 0 397.966 200
2 13 0 647.97 200
2 0 7 3
3 13 0 2287.94 350
3 13 0 2037.95 350
3 13 0 1788.04 350
2 13 0 1538.12 350
3 13 0 1288.12 350
3 13 0 1038.12 350
3 13 0 788.07 350
1 0 7 3
3 13 0 -724.058 500
3 13 0 -474.03 500
3 13 0 -224.03 500
2 13 0 25.9666 500
2 13 0 275.964 500
3 13 0 525.969 500
2 13 0 775.97 500
1 0 7 3
3 13 0 -846.081 650
2 13 0 -596.034 650
3 13 0 -346.03 650
2 13 0 -96.0305 650
3 13 0 153.964 650
2 13 0 403.966 650
3 13 0 653.97 650
140
2
3
-2860
2
3
-3860
2
3
140
2
3
140
2
3
1018.14 448.993
19653
