0
2 4
2 0 6 2
2 10 1 888.639 50
3 10 1 638.639 50
3 10 1 388.639 50
3 10 1 138.646 50
3 10 1 -111.345 50
2 10 1 1688.79 50
1 1 7 3
1 13 1 20.2084 225
1 13 1 270.253 225
1 13 1 520.265 225
0 13 1 770.265 225
1 13 1 1020.26 225
1 13 1 1270.22 225
1 13 1 -329.84 225
2 1 7 3
0 13 1 1455.7 400
1 13 1 1205.79 400
0 13 1 955.874 400
1 13 1 705.922 400
1 13 1 455.879 400
1 13 1 205.831 400
1 13 1 -44.2124 400
1 0 6 2
2 10 1 587.337 575
3 10 1 837.337 575
2 10 1 1087.35 575
2 10 1 1337.36 575
3 10 1 -262.897 575
2 10 1 -12.7788 575
2010
3
2
9
3
2
10
2
3
10
4
3
652.195 321.399
18170
0
